0
0
0
4.11306
0
0
4.08616
0
0
0
0
0
0
3.08641
0
0
0
0
0
0
0
7.09613
4.08567
0
0
0
0
0
0
0
0
0
0
4.08716
0
0
0
0
0
0
0
0
0
0
0
0
0
0
0
0
0
0
0
0
0
0
0
0
0
0
0
0
0
0
0
0
0
0
0
0
0
0
0
0
0
0
0
0
0
0
0
1.08192
0
0
0
0
0
0
0
0
0
0
0
0
0
0
0
0
0
0
0
0
0
0
0
0
0
0
0
0
0
0
0
0
0
0
0
0
0
0
0
0
0
0
0
0
0
0
0
0
0
0
0
0
0
0
0
0
0
0
0
0
0
0
0
0
0
0
0
0
0
0
0
0
0
0
0
0
0
0
0
0
0
0
0
0
0
0
0
0
0
0
0
0
0
0
0
0
0
0
0
0
0
0
0
0
0
0
0
0
0
0
0
0
0
0
0
0
0
0
0
0
0
0
0
0
0
0
0
0
0
0
0
0
0
0
0
0
0
0
0
0
0
0
0
0
0
0
0
0
0
0
0
0
0
2.08292
0
0
0
2.16584
0
0
0
0
0
0
0
0
0
0
0
0
0
0
0
0
0
0
0
0
0
0
0
0
0
0
0
0
0
0
0
0
0
0
0
0
0
0
0
0
0
0
0
0
0
0
0
0
0
0
0
0
0
0
0
0
0
0
0
0
0
0
0
0
0
0
0
0
0
0
0
0
0
0
0
0
0
0
0
0
0
0
0
0
0
0
0
0
0
0
0
0
0
0
0
0
0
0
0
0
0
0
0
0
0
0
0
0
0
0
0
0
0
0
0
0
0
0
0
0
0
0
0
0
0
0
0
0
0
0
0
0
0
0
0
0
0
0
0
0
0
0
0
0
0
0
0
0
0
0
0
0
0
0
0
0
0
0
0
0
0
0
0
0
0
0
0
0
0
0
0
0
0
0
0
0
0
0
0
0
0
0
0
0
0
0
0
0
0
0
0
0
0
0
0
0
0
0
0
0
0
8.11509
0
0
0
0
8.11325
8.11786
0
0
7.11676
0
8.11553
0
7.23351
7.11839
7.11523
0
8.11594
7.23677
8.11717
8.11417
0
0
8.23435
0
3.11851
8.11773
0
0
8.11725
0
0
8.11372
8.23449
0
0
8.11868
8.11416
0
0
0
0
0
0
0
0
0
1.11667
0
0
0
0
0
0
0
0
0
0
0
0
0
0
0
0
0
0
0
0
0
7.11986
0
0
0
7.23972
0
0
1.10579
0
0
0
0
0
0
0
0
0
0
0
0
0
0
0
0
0
1.10791
0
0
0
1.21581
0
0
0
0
0
0
0
0
0
0
0
0
0
0
0
0
0
0
0
0
0
0
0
0
0
0
0
0
0
0
0
0
0
0
0
0
0
0
0
0
0
0
0
0
0
0
0
0
0
0
0
0
0
0
0
0
0
0
1.10288
0
0
0
0
0
0
0
0
0
0
0
0
0
0
0
0
0
0
7.1098
0
0
8.11489
0
7.11948
0
8.22978
7.10246
0
0
7.1282
7.20492
8.1225
0
8.1242
0
8.245
0
0
8.13255
8.10661
0
0
1.12007
7.13209
8.10661
0
7.13983
7.11203
0
7.10348
7.27967
8.10396
0
8.1062
0
8.20792
0
8.1048
0
0
0
0
7.13457
7.10718
0
0
7.1464
0
7.13545
8.11075
7.29281
0
4.14591
2.13953
6.09778
0
0
7.09277
2.14559
6.15902
0
3.15125
0
7.14111
4.1728
3.3025
2.14626
1.1556
5.14726
0
2.29252
0
7.15876
0
0
0
0
5.15041
0
3.15135
0
0
5.15447
0
0
0
0
0
5.15475
7.16239
0
0
0
0
1.1621
0
0
4.14864
7.1551
0
0
0
0
0
0
0
0
0
0
0
0
0
0
0
0
0
0
0
0
1.1508
0
0
0
0
0
0
0
0
0
0
0
0
0
0
0
0
0
0
0
0
0
0
0
0
0
0
0
0
0
0
0
9.15825
8.15952
0
8.16035
9.31649
9.15789
8.15833
2.12309
0
9.31578
0
6.13303
0
0
0
8.15825
0
7.16059
8.14093
8.3165
1.13486
2.16409
0
5.14382
1.26972
8.14017
8.15841
1.13862
0
8.28033
0
3.14249
0
8.14352
0
8.14275
3.13959
7.14123
8.141
8.2855
8.1429
5.14525
0
6.1347
8.28579
4.13524
8.13282
3.13374
4.13135
4.27048
3.13328
3.13389
3.13183
8.12816
3.26656
3.13617
8.12822
2.13814
4.13397
3.27234
8.1376
8.12467
4.13541
4.13688
8.2752
3.13563
8.12546
8.12535
8.11872
3.27127
8.12466
3.13539
8.12426
4.12648
8.24932
5.1268
3.12466
0
8.12642
5.2536
4.12217
1.12555
1.12814
4.11942
4.24435
8.12482
8.12343
3.12448
8.12619
8.24964
8.1182
3.12516
5.12613
8.12531
8.2364
4.12746
5.12796
8.12006
8.1249
4.25492
8.13648
7.12548
1.1281
8.12563
8.27297
6.12926
1.13857
8.13645
8.12519
6.25853
8.12511
8.12874
8.12863
3.13838
8.25023
2.13855
8.12785
1.13055
8.13712
2.2771
3.12828
7.12926
8.12827
3.12595
3.25656
3.12828
0
8.12818
5.12823
3.25656
8.12778
8.12443
8.12733
3.13024
8.25556
8.12869
4.12572
9.12487
2.12754
8.25738
3.12657
4.12717
8.12298
3.12681
3.25315
9.12276
8.12449
5.13763
2.12688
9.24552
8.12263
8.12299
8.13808
1.12766
8.24525
8.13671
8.13849
4.12505
8.12435
8.27343
8.134
8.12423
8.13783
6.15014
8.26801
6.11923
8.15226
5.12686
8.12393
6.23845
8.15853
9.11728
2.12453
4.1197
8.31706
4.15815
3.11968
1.12673
4.12371
4.3163
8.11734
2.12451
8.15976
8.12356
8.23467
8.11908
5.1186
3.12577
0
8.23816
4.12483
5.12005
3.11681
5.11771
4.24965
5.12035
8.11898
4.11756
7.1194
5.24069
6.11772
8.11821
8.11641
5.12027
6.23544
8.11642
0
5.12081
8.11732
8.23285
8.11642
1.11879
8.11905
2.12193
8.23283
7.12232
9.11306
1.11872
3.12165
7.24465
1.12121
9.11932
4.12157
1.11906
1.24242
2.13213
9.11835
4.12174
3.11874
2.26426
9.11565
0
2.11927
5.12187
9.23131
2.11714
1.12192
8.11767
8.11754
2.23427
7.12036
3.11538
9.11445
4.11992
7.24073
3.11531
9.11701
4.12333
9.11732
3.23062
8.11811
3.11906
1.12245
0
8.23622
1.12132
3.12202
7.11511
8.12003
1.24263
8.12097
8.13239
8.12095
8.11834
8.24195
8.11724
8.12175
8.11773
8.11835
8.23447
8.11676
7.12234
8.11685
8.11738
8.23351
7.12333
8.11874
7.11947
8.11703
7.24667
4.11821
7.11969
5.11845
8.11703
4.23642
4.11849
1.11911
5.11822
5.1193
4.23698
1.11877
7.11929
1.11925
8.11703
1.23753
7.11963
1.11904
8.1215
7.1194
7.23926
0
8.11657
2.11744
7.11889
0
5.12379
0
8.11656
8.12111
5.24758
5.12379
8.11604
8.11863
0
5.24758
8.1169
6.11749
8.12199
0
8.2338
7.11949
0
5.11696
0
7.23897
8.11898
8.11825
0
7.11695
8.23795
8.11898
0
8.11655
8.11869
8.23795
7.11706
1.11812
8.11901
0
7.23412
0
8.11444
8.11694
8.11659
0
8.11635
0
8.11506
0
8.23271
0
8.11602
3.11884
7.11925
0
8.11519
0
8.11791
7.11946
8.23038
8.11551
8.11458
0
0
8.23103
1.1161
8.11705
6.11775
8.11613
1.23219
8.11833
8.11451
8.11675
0
8.23666
5.10642
2.11843
4.1174
8.11855
5.21284
7.11932
7.11781
8.11605
3.11842
7.23863
3.1178
7.11759
7.11959
5.117
3.23561
7.11957
7.11691
5.1174
0
7.23913
7.11905
8.11908
7.11902
7.11921
7.2381
8.11914
8.11847
7.11933
3.11889
8.23828
7.11886
8.11846
7.11898
6.11626
7.23772
6.11433
5.11862
3.11861
3.11569
6.22866
7.11917
7.11639
6.11692
7.11773
7.23834
7.11768
7.11743
8.11731
7.11966
7.23537
8.1183
5.11811
6.12601
5.119
8.2366
4.12633
7.12619
6.11818
0
4.25265
6.11776
6.12066
8.12347
6.11937
6.23552
6.12351
5.11835
8.1246
6.11841
6.24702
6.12828
6.11808
8.12357
7.12616
6.25656
6.12419
6.12559
6.12553
7.12101
6.24839
4.12908
5.12861
7.12594
3.12498
4.25816
7.12739
7.12754
6.11925
0
7.25479
0
2.12029
6.11938
7.12734
0
6.12008
6.12636
7.12309
0
6.24016
6.11985
5.1226
3.11963
5.11432
6.2397
6.11988
3.11974
6.11883
6.11939
6.23975
6.12213
6.11948
5.11929
7.12124
6.24426
5.11906
1.12082
6.1178
5.11986
5.23812
7.11663
5.12029
2.1218
0
7.23326
5.11758
0
6.12024
0
5.23516
6.12024
7.12143
0
2.11941
6.24049
0
0
6.11831
4.12026
0
0
4.10919
0
4.12019
0
6.11931
0
0
1.11436
6.23862
6.11867
6.12077
6.1189
0
6.23734
6.11867
6.12077
6.1182
0
6.23734
6.11912
7.12468
5.12112
0
6.23824
5.12401
7.12069
1.13209
4.12417
5.24801
5.11607
7.13109
8.12329
4.12313
5.23213
8.12003
7.1181
6.1316
7.13084
8.24006
7.13131
2.12305
6.12088
5.12116
7.26262
6.13009
6.12
8.12117
7.12027
6.26018
8.11929
1.13091
4.11282
6.12917
8.23857
7.11898
8.13025
1.13295
8.12625
7.23796
8.12534
8.13091
8.12489
0
8.25069
8.12489
1.12376
8.13038
0
8.24978
5.13254
8.12639
7.12537
2.1221
5.26509
2.1191
6.12774
8.12812
7.15226
2.23819
2.12126
8.1291
7.13222
3.15226
2.24252
4.15615
7.12994
8.14535
3.12037
4.3123
7.13065
4.13151
8.15267
1.13105
7.2613
3.13948
1.13132
7.15138
7.13071
3.27897
4.13225
5.14537
8.12895
7.1368
4.26451
8.12782
8.12935
8.12906
4.13212
8.25565
8.12998
8.12906
8.12769
3.13211
8.25997
7.13025
8.12918
8.1295
0
7.26049
3.13073
7.13089
8.12714
3.1318
3.26147
8.1291
2.1334
4.13134
8.12691
8.2582
8.13055
7.14577
8.12752
8.13084
8.26111
8.13072
8.13036
8.12861
5.13866
8.26143
1.13069
8.13782
8.1288
5.13763
1.26139
8.13931
7.13613
0
7.13119
8.27861
8.13965
8.13847
8.13823
7.14196
8.27929
8.14155
8.1392
8.14094
1.1461
8.28311
8.14259
1.14024
8.13891
5.14074
8.28518
3.13944
5.14149
8.13906
8.14117
3.27889
8.14234
8.14051
2.13902
7.14278
8.28468
2.14103
2.14279
8.15657
8.13882
2.28206
8.14231
3.14312
7.13327
8.14314
8.28461
1.14017
8.13222
8.14323
3.14141
1.28034
3.14353
3.14343
1.13306
3.1421
3.28706
2.13361
1.13186
3.14271
8.13447
2.26722
1.13337
8.13118
8.13415
1.13316
1.26673
8.13156
3.13256
0
8.12756
8.26312
8.13092
2.13012
2.12707
8.13566
8.26185
8.11937
2.12746
2.13466
8.1311
8.23873
8.11957
2.13225
3.1341
2.12349
8.23914
5.12239
8.12191
3.12884
1.12316
5.24479
5.12598
8.12162
8.12233
8.12272
5.25195
5.12108
8.12251
8.12239
7.12731
5.24216
5.12128
8.12553
8.12664
0
5.24256
0
0
8.12433
8.1245
0
3.12861
8.12505
1.12067
0
3.25722
8.12454
1.12885
3.12604
2.12855
8.24907
0
5.12481
7.13185
5.1286
0
0
8.12967
5.12618
8.12703
0
0
5.13255
8.12753
8.12455
0
8.1256
4.132
7.12882
8.12411
8.25121
1.12652
8.13688
7.12691
2.12665
1.25303
8.13127
8.12461
4.13518
