20.958
48.1097
0
0
40.158
0
0
48.0827
0
0
64.1334
48.0679
0
32.1394
64.2667
40.0989
0
0
32.1357
40.1978
32.099
0
48.0683
32.1357
32.198
32.0667
48.0683
48.1344
0
32.1334
32.0965
48.1348
48.1349
0
32.193
32.1332
40.1316
48.134
48.1277
32.2663
32.1357
40.1403
32.0937
32.1235
32.2714
24.1261
32.1393
24.1398
0
24.2521
32.1371
0
32.1406
0
32.2743
32.1381
0
0
0
32.2762
0
48.1481
0
0
0
0
0
48.1432
24.1403
0
0
0
0
0
0
0
0
0
0
0
0
0
0
0
0
0
0
0
0
0
0
0
0
0
0
0
0
0
48.1352
0
0
32.1533
0
0
0
32.15
0
0
0
32.3001
32.1509
32.1455
16.1448
0
32.3018
16.1451
0
0
0
16.2901
0
0
32.1525
0
0
0
0
0
0
0
0
0
0
0
0
0
0
0
0
0
32.1383
0
0
0
32.2766
0
0
0
0
0
0
0
0
0
0
0
0
0
0
0
0
0
0
0
0
0
0
0
0
0
0
0
0
0
0
0
0
0
0
0
0
0
0
0
0
0
0
48.1575
48.0913
0
0
48.1591
48.1035
48.1487
0
0
48.1535
0
0
0
0
0
0
0
0
0
0
0
0
0
0
0
32.149
32.1641
0
0
0
32.141
32.1363
0
32.1343
32.16
0
32.1535
32.2686
0
48.1334
0
48.1836
0
0
0
32.1744
0
0
0
0
0
0
0
0
0
0
0
0
0
0
0
0
0
0
0
0
0
0
0
0
0
48.1681
0
48.1726
0
0
0
48.3452
0
0
0
0
0
32.18
0
0
0
32.3599
0
0
32.1791
0
0
0
48.1807
0
48.1788
0
48.1788
0
0
0
48.3576
0
48.151
0
0
0
0
48.1481
0
32.163
0
0
16.1556
32.1686
0
0
0
16.1694
32.163
32.1572
0
0
0
0
0
0
0
0
0
0
0
0
0
0
0
0
0
32.1595
0
0
0
32.161
16.157
0
32.1605
32.3219
0
0
0
0
0
0
0
0
32.1462
0
30.5196
32.1346
32.1612
0
30.6392
0
0
48.1375
0
0
0
32.0934
32.1386
32.0928
0
16.139
48.0917
0
0
16.278
0
0
16.1359
16.121
0
16.1092
0
0
32.0843
16.2184
0
16.0719
0
0
0
0
0
0
0
0
0
0
0
0
0
0
0
0
0
0
0
0
0
0
0
0
0
0
0
0
0
0
32.1285
0
0
16.1289
0
0
48.1299
16.2579
32.1221
0
48.1216
0
32.2442
48.1285
0
32.1255
0
48.2571
48.1269
0
0
0
48.2539
0
0
0
48.1227
0
0
0
0
0
0
0
0
0
0
0
0
0
0
0
0
0
0
0
0
0
0
0
0
0
0
16.1267
0
0
0
16.2533
32.1126
0
0
0
32.2251
16.1028
0
0
0
16.2055
32.1097
0
0
32.1064
32.2194
0
48.124
32.1039
0
0
48.1242
0
16.0997
32.1248
48.2484
32.1176
0
0
0
32.2352
0
32.1254
32.1115
0
0
32.1284
0
0
24.1284
32.2568
16.134
0
0
0
16.2679
16.1174
0
32.1286
0
16.2348
16.1394
0
0
0
16.2788
0
0
0
16.1266
0
0
32.1301
0
0
0
32.1258
0
0
32.1218
32.2517
32.1258
0
0
32.1259
32.2517
0
0
0
32.1131
0
32.1109
0
0
32.123
32.2217
32.1249
0
0
0
32.2497
32.1085
0
0
0
32.2171
0
0
0
0
0
0
0
0
0
0
0
32.1134
0
0
0
32.1114
32.115
0
0
32.2228
16.1123
0
32.1131
0
16.2245
0
0
0
0
0
0
0
48.1112
16.1124
0
48.1123
0
0
32.1081
48.2246
0
48.1089
0
0
0
0
0
48.1093
32.128
0
0
0
48.1132
32.1082
0
48.1076
0
0
0
48.2153
0
0
0
0
0
0
0
0
0
0
0
0
0
0
0
0
0
0
0
0
0
64.1202
0
0
0
16.1022
0
0
0
16.2044
0
0
0
0
0
0
0
0
0
0
0
0
0
0
0
0
0
0
0
0
0
0
0
0
0
0
0
0
0
0
0
0
80.0962
0
0
0
0
56.0953
0
0
0
0
0
0
0
0
0
32.0869
0
0
0
0
0
0
0
0
0
0
0
0
0
0
0
0
0
0
0
0
0
0
0
0
0
0
0
0
0
0
0
0
0
0
0
0
0
0
0
0
0
0
0
0
0
0
0
0
0
0
0
0
0
0
0
0
0
0
0
0
0
0
0
0
0
0
0
0
0
0
0
0
0
0
0
0
0
0
0
0
0
0
0
0
0
0
0
0
0
0
0
0
0
0
0
0
0
0
0
0
0
0
0
0
0
0
0
0
0
0
0
0
0
16.0389
0
0
0
0
0
0
0
0
0
0
0
0
0
0
0
0
0
0
0
0
0
0
0
0
0
0
0
0
0
0
0
0
0
0
0
0
0
0
0
0
0
0
0
0
0
0
0
0
0
0
0
0
0
0
0
0
0
0
0
0
0
0
0
0
0
0
0
0
0
0
0
0
0
0
0
0
0
0
0
0
0
0
0
0
0
0
0
0
0
0
0
0
0
0
0
0
0
0
0
0
0
0
0
0
0
0
0
0
0
0
0
0
0
0
0
0
0
0
0
0
0
0
0
0
0
0
0
0
0
0
0
0
0
0
0
0
0
0
0
0
0
0
0
0
0
0
0
0
0
0
0
0
0
0
0
0
0
0
0
0
0
0
0
0
0
0
0
0
0
0
0
0
0
0
0
0
0
0
0
0
0
0
0
0
0
0
0
0
0
0
0
0
0
0
0
0
0
0
0
0
0
0
0
0
0
0
0
0
0
0
0
0
0
0
0
0
0
0
0
0
0
0
0
0
0
0
0
0
0
0
0
0
0
0
0
0
0
0
0
0
0
0
0
0
0
0
0
0
0
0
0
0
0
0
0
0
0
0
0
0
0
0
0
0
0
0
0
0
0
0
0
0
0
0
0
0
0
0
0
0
0
0
0
0
0
0
0
0
0
0
0
0
0
0
0
0
0
0
0
0
0
0
0
0
0
0
0
0
0
0
0
0
0
0
0
0
0
0
0
0
0
0
0
0
0
0
0
0
0
0
0
0
0
0
0
0
0
0
0
0
0
0
0
0
0
0
0
0
0
0
0
0
0
0
0
0
0
0
0
0
0
0
0
0
0
0
0
0
0
0
0
0
0
0
0
0
0
0
0
0
0
0
0
0
0
0
0
0
0
0
0
0
0
0
0
0
0
0
0
0
0
0
0
0
0
0
0
0
0
0
0
0
0
0
0
0
0
0
0
0
0
0
0
0
0
0
0
0
0
0
0
0
0
0
0
0
0
0
16.0036
0
0
0
16.0071
0
0
0
0
0
0
0
0
0
0
0
0
0
0
0
0
0
0
0
0
0
0
0
0
0
0
0
0
0
0
0
0
0
0
0
0
0
0
0
0
0
0
0
0
0
0
0
0
0
0
0
0
0
0
0
0
0
0
0
0
0
0
0
0
0
0
0
0
0
0
0
0
0
0
0
0
0
0
0
0
0
0
0
0
0
0
0
0
0
0
0
0
0
0
0
0
0
0
0
0
0
0
0
0
0
0
0
0
0
0
0
0
0
0
0
0
0
0
0
0
0
0
0
0
0
0
0
0
0
0
0
0
0
0
0
0
0
0
0
0
0
0
0
0
0
0
0
0
0
0
0
0
0
0
0
0
0
0
0
0
0
0
0
0
0
0
0
0
0
0
0
0
0
0
0
0
0
0
0
0
0
0
0
0
0
0
0
0
0
0
0
0
0
0
0
0
0
0
0
0
0
0
0
0
0
0
0
0
0
0
0
0
0
0
0
0
0
0
0
0
0
0
0
0
0
0
0
0
0
0
0
0
0
0
0
0
0
0
0
0
0
0
0
0
0
0
0
0
0
0
0
0
0
0
0
0
0
0
0
0
0
0
0
0
0
0
0
0
0
0
0
0
0
0
0
0
0
0
0
0
0
0
0
0
0
0
0
0
0
0
0
0
0
0
0
0
0
0
0
0
0
0
0
